140.639 63.442
156.024 63.442
171.409 63.442
186.793 63.442
202.178 63.442
217.563 63.442
232.947 63.442
248.332 63.442
109.870 78.827
125.255 78.827
140.639 78.827
156.024 78.827
171.409 78.827
186.793 78.827
202.178 78.827
217.563 78.827
232.947 78.827
248.332 78.827
263.716 78.827
279.101 78.827
79.101 94.212
94.486 94.212
109.870 94.212
125.255 94.212
140.639 94.212
156.024 94.212
171.409 94.212
186.793 94.212
202.178 94.212
217.563 94.212
232.947 94.212
248.332 94.212
263.716 94.212
279.101 94.212
294.486 94.212
309.870 94.212
63.716 109.596
79.101 109.596
94.486 109.596
109.870 109.596
125.255 109.596
140.639 109.596
156.024 109.596
171.409 109.596
186.793 109.596
202.178 109.596
217.563 109.596
232.947 109.596
248.332 109.596
263.716 109.596
279.101 109.596
294.486 109.596
309.870 109.596
325.255 109.596
48.332 124.981
63.716 124.981
79.101 124.981
94.486 124.981
109.870 124.981
125.255 124.981
140.639 124.981
156.024 124.981
171.409 124.981
186.793 124.981
202.178 124.981
217.563 124.981
232.947 124.981
248.332 124.981
263.716 124.981
279.101 124.981
294.486 124.981
309.870 124.981
325.255 124.981
340.639 124.981
32.947 140.365
48.332 140.365
63.716 140.365
79.101 140.365
94.486 140.365
109.870 140.365
125.255 140.365
140.639 140.365
156.024 140.365
171.409 140.365
186.793 140.365
202.178 140.365
217.563 140.365
232.947 140.365
248.332 140.365
263.716 140.365
279.101 140.365
294.486 140.365
309.870 140.365
325.255 140.365
340.639 140.365
356.024 140.365
32.947 155.750
48.332 155.750
63.716 155.750
79.101 155.750
94.486 155.750
109.870 155.750
125.255 155.750
140.639 155.750
156.024 155.750
171.409 155.750
186.793 155.750
202.178 155.750
217.563 155.750
232.947 155.750
248.332 155.750
263.716 155.750
279.101 155.750
294.486 155.750
309.870 155.750
325.255 155.750
340.639 155.750
356.024 155.750
17.563 171.135
32.947 171.135
48.332 171.135
63.716 171.135
79.101 171.135
94.486 171.135
109.870 171.135
125.255 171.135
140.639 171.135
156.024 171.135
171.409 171.135
186.793 171.135
202.178 171.135
217.563 171.135
232.947 171.135
248.332 171.135
263.716 171.135
279.101 171.135
294.486 171.135
309.870 171.135
325.255 171.135
340.639 171.135
356.024 171.135
371.409 171.135
17.563 186.519
32.947 186.519
48.332 186.519
63.716 186.519
79.101 186.519
94.486 186.519
109.870 186.519
125.255 186.519
140.639 186.519
156.024 186.519
171.409 186.519
186.793 186.519
202.178 186.519
217.563 186.519
232.947 186.519
248.332 186.519
263.716 186.519
279.101 186.519
294.486 186.519
309.870 186.519
325.255 186.519
340.639 186.519
356.024 186.519
371.409 186.519
2.178 201.904
17.563 201.904
32.947 201.904
48.332 201.904
63.716 201.904
79.101 201.904
94.486 201.904
109.870 201.904
125.255 201.904
140.639 201.904
156.024 201.904
171.409 201.904
186.793 201.904
202.178 201.904
217.563 201.904
232.947 201.904
248.332 201.904
263.716 201.904
279.101 201.904
294.486 201.904
309.870 201.904
325.255 201.904
340.639 201.904
356.024 201.904
371.409 201.904
386.793 201.904
2.178 217.288
17.563 217.288
32.947 217.288
48.332 217.288
63.716 217.288
79.101 217.288
94.486 217.288
109.870 217.288
125.255 217.288
140.639 217.288
156.024 217.288
171.409 217.288
186.793 217.288
202.178 217.288
217.563 217.288
232.947 217.288
248.332 217.288
263.716 217.288
279.101 217.288
294.486 217.288
309.870 217.288
325.255 217.288
340.639 217.288
356.024 217.288
371.409 217.288
386.793 217.288
2.178 232.673
17.563 232.673
32.947 232.673
48.332 232.673
63.716 232.673
79.101 232.673
94.486 232.673
109.870 232.673
125.255 232.673
140.639 232.673
156.024 232.673
171.409 232.673
186.793 232.673
202.178 232.673
217.563 232.673
232.947 232.673
248.332 232.673
263.716 232.673
279.101 232.673
294.486 232.673
309.870 232.673
325.255 232.673
340.639 232.673
356.024 232.673
371.409 232.673
386.793 232.673
2.178 248.058
17.563 248.058
32.947 248.058
48.332 248.058
63.716 248.058
79.101 248.058
94.486 248.058
109.870 248.058
125.255 248.058
140.639 248.058
156.024 248.058
171.409 248.058
186.793 248.058
202.178 248.058
217.563 248.058
232.947 248.058
248.332 248.058
263.716 248.058
279.101 248.058
294.486 248.058
309.870 248.058
325.255 248.058
340.639 248.058
356.024 248.058
371.409 248.058
386.793 248.058
2.178 263.442
17.563 263.442
32.947 263.442
48.332 263.442
63.716 263.442
79.101 263.442
94.486 263.442
109.870 263.442
125.255 263.442
140.639 263.442
156.024 263.442
171.409 263.442
186.793 263.442
202.178 263.442
217.563 263.442
232.947 263.442
248.332 263.442
263.716 263.442
279.101 263.442
294.486 263.442
309.870 263.442
325.255 263.442
340.639 263.442
356.024 263.442
371.409 263.442
386.793 263.442
2.178 278.827
17.563 278.827
32.947 278.827
48.332 278.827
63.716 278.827
79.101 278.827
94.486 278.827
109.870 278.827
125.255 278.827
140.639 278.827
156.024 278.827
171.409 278.827
186.793 278.827
202.178 278.827
217.563 278.827
232.947 278.827
248.332 278.827
263.716 278.827
279.101 278.827
294.486 278.827
309.870 278.827
325.255 278.827
340.639 278.827
356.024 278.827
371.409 278.827
386.793 278.827
2.178 294.212
17.563 294.212
32.947 294.212
48.332 294.212
63.716 294.212
79.101 294.212
94.486 294.212
109.870 294.212
125.255 294.212
140.639 294.212
156.024 294.212
171.409 294.212
186.793 294.212
202.178 294.212
217.563 294.212
232.947 294.212
248.332 294.212
263.716 294.212
279.101 294.212
294.486 294.212
309.870 294.212
325.255 294.212
340.639 294.212
356.024 294.212
371.409 294.212
386.793 294.212
2.178 309.596
17.563 309.596
32.947 309.596
48.332 309.596
63.716 309.596
79.101 309.596
94.486 309.596
109.870 309.596
125.255 309.596
140.639 309.596
156.024 309.596
171.409 309.596
186.793 309.596
202.178 309.596
217.563 309.596
232.947 309.596
248.332 309.596
263.716 309.596
279.101 309.596
294.486 309.596
309.870 309.596
325.255 309.596
340.639 309.596
356.024 309.596
371.409 309.596
386.793 309.596
17.563 324.981
32.947 324.981
48.332 324.981
63.716 324.981
79.101 324.981
94.486 324.981
109.870 324.981
125.255 324.981
140.639 324.981
156.024 324.981
171.409 324.981
186.793 324.981
202.178 324.981
217.563 324.981
232.947 324.981
248.332 324.981
263.716 324.981
279.101 324.981
294.486 324.981
309.870 324.981
325.255 324.981
340.639 324.981
356.024 324.981
371.409 324.981
17.563 340.365
32.947 340.365
48.332 340.365
63.716 340.365
79.101 340.365
94.486 340.365
109.870 340.365
125.255 340.365
140.639 340.365
156.024 340.365
171.409 340.365
186.793 340.365
202.178 340.365
217.563 340.365
232.947 340.365
248.332 340.365
263.716 340.365
279.101 340.365
294.486 340.365
309.870 340.365
325.255 340.365
340.639 340.365
356.024 340.365
371.409 340.365
32.947 355.750
48.332 355.750
63.716 355.750
79.101 355.750
94.486 355.750
109.870 355.750
125.255 355.750
140.639 355.750
156.024 355.750
171.409 355.750
186.793 355.750
202.178 355.750
217.563 355.750
232.947 355.750
248.332 355.750
263.716 355.750
279.101 355.750
294.486 355.750
309.870 355.750
325.255 355.750
340.639 355.750
356.024 355.750
32.947 371.135
48.332 371.135
63.716 371.135
79.101 371.135
94.486 371.135
109.870 371.135
125.255 371.135
140.639 371.135
156.024 371.135
171.409 371.135
186.793 371.135
202.178 371.135
217.563 371.135
232.947 371.135
248.332 371.135
263.716 371.135
279.101 371.135
294.486 371.135
309.870 371.135
325.255 371.135
340.639 371.135
356.024 371.135
48.332 386.519
63.716 386.519
79.101 386.519
94.486 386.519
109.870 386.519
125.255 386.519
140.639 386.519
156.024 386.519
171.409 386.519
186.793 386.519
202.178 386.519
217.563 386.519
232.947 386.519
248.332 386.519
263.716 386.519
279.101 386.519
294.486 386.519
309.870 386.519
325.255 386.519
340.639 386.519
63.716 401.904
79.101 401.904
94.486 401.904
109.870 401.904
125.255 401.904
140.639 401.904
156.024 401.904
171.409 401.904
186.793 401.904
202.178 401.904
217.563 401.904
232.947 401.904
248.332 401.904
263.716 401.904
279.101 401.904
294.486 401.904
309.870 401.904
325.255 401.904
79.101 417.288
94.486 417.288
109.870 417.288
125.255 417.288
140.639 417.288
156.024 417.288
171.409 417.288
186.793 417.288
202.178 417.288
217.563 417.288
232.947 417.288
248.332 417.288
263.716 417.288
279.101 417.288
294.486 417.288
309.870 417.288
109.870 432.673
125.255 432.673
140.639 432.673
156.024 432.673
171.409 432.673
186.793 432.673
202.178 432.673
217.563 432.673
232.947 432.673
248.332 432.673
263.716 432.673
279.101 432.673
140.639 448.058
156.024 448.058
171.409 448.058
186.793 448.058
202.178 448.058
217.563 448.058
232.947 448.058
248.332 448.058
