203.154 2.692
218.538 2.692
233.923 2.692
249.308 2.692
264.692 2.692
280.077 2.692
295.462 2.692
310.846 2.692
172.385 18.077
187.769 18.077
203.154 18.077
218.538 18.077
233.923 18.077
249.308 18.077
264.692 18.077
280.077 18.077
295.462 18.077
310.846 18.077
326.231 18.077
341.615 18.077
141.615 33.462
157.000 33.462
172.385 33.462
187.769 33.462
203.154 33.462
218.538 33.462
233.923 33.462
249.308 33.462
264.692 33.462
280.077 33.462
295.462 33.462
310.846 33.462
326.231 33.462
341.615 33.462
357.000 33.462
372.385 33.462
126.231 48.846
141.615 48.846
157.000 48.846
172.385 48.846
187.769 48.846
203.154 48.846
218.538 48.846
233.923 48.846
249.308 48.846
264.692 48.846
280.077 48.846
295.462 48.846
310.846 48.846
326.231 48.846
341.615 48.846
357.000 48.846
372.385 48.846
387.769 48.846
110.846 64.231
126.231 64.231
141.615 64.231
157.000 64.231
172.385 64.231
187.769 64.231
203.154 64.231
218.538 64.231
233.923 64.231
249.308 64.231
264.692 64.231
280.077 64.231
295.462 64.231
310.846 64.231
326.231 64.231
341.615 64.231
357.000 64.231
372.385 64.231
387.769 64.231
403.154 64.231
95.462 79.615
110.846 79.615
126.231 79.615
141.615 79.615
157.000 79.615
172.385 79.615
187.769 79.615
203.154 79.615
218.538 79.615
233.923 79.615
249.308 79.615
264.692 79.615
280.077 79.615
295.462 79.615
310.846 79.615
326.231 79.615
341.615 79.615
357.000 79.615
372.385 79.615
387.769 79.615
403.154 79.615
418.538 79.615
95.462 95.000
110.846 95.000
126.231 95.000
141.615 95.000
157.000 95.000
172.385 95.000
187.769 95.000
203.154 95.000
218.538 95.000
233.923 95.000
249.308 95.000
264.692 95.000
280.077 95.000
295.462 95.000
310.846 95.000
326.231 95.000
341.615 95.000
357.000 95.000
372.385 95.000
387.769 95.000
403.154 95.000
418.538 95.000
80.077 110.385
95.462 110.385
110.846 110.385
126.231 110.385
141.615 110.385
157.000 110.385
172.385 110.385
187.769 110.385
203.154 110.385
218.538 110.385
233.923 110.385
249.308 110.385
264.692 110.385
280.077 110.385
295.462 110.385
310.846 110.385
326.231 110.385
341.615 110.385
357.000 110.385
372.385 110.385
387.769 110.385
403.154 110.385
418.538 110.385
433.923 110.385
80.077 125.769
95.462 125.769
110.846 125.769
126.231 125.769
141.615 125.769
157.000 125.769
172.385 125.769
187.769 125.769
203.154 125.769
218.538 125.769
233.923 125.769
249.308 125.769
264.692 125.769
280.077 125.769
295.462 125.769
310.846 125.769
326.231 125.769
341.615 125.769
357.000 125.769
372.385 125.769
387.769 125.769
403.154 125.769
418.538 125.769
433.923 125.769
64.692 141.154
80.077 141.154
95.462 141.154
110.846 141.154
126.231 141.154
141.615 141.154
157.000 141.154
172.385 141.154
187.769 141.154
203.154 141.154
218.538 141.154
233.923 141.154
249.308 141.154
264.692 141.154
280.077 141.154
295.462 141.154
310.846 141.154
326.231 141.154
341.615 141.154
357.000 141.154
372.385 141.154
387.769 141.154
403.154 141.154
418.538 141.154
433.923 141.154
449.308 141.154
64.692 156.538
80.077 156.538
95.462 156.538
110.846 156.538
126.231 156.538
141.615 156.538
157.000 156.538
172.385 156.538
187.769 156.538
203.154 156.538
218.538 156.538
233.923 156.538
249.308 156.538
264.692 156.538
280.077 156.538
295.462 156.538
310.846 156.538
326.231 156.538
341.615 156.538
357.000 156.538
372.385 156.538
387.769 156.538
403.154 156.538
418.538 156.538
433.923 156.538
449.308 156.538
64.692 171.923
80.077 171.923
95.462 171.923
110.846 171.923
126.231 171.923
141.615 171.923
157.000 171.923
172.385 171.923
187.769 171.923
203.154 171.923
218.538 171.923
233.923 171.923
249.308 171.923
264.692 171.923
280.077 171.923
295.462 171.923
310.846 171.923
326.231 171.923
341.615 171.923
357.000 171.923
372.385 171.923
387.769 171.923
403.154 171.923
418.538 171.923
433.923 171.923
449.308 171.923
64.692 187.308
80.077 187.308
95.462 187.308
110.846 187.308
126.231 187.308
141.615 187.308
157.000 187.308
172.385 187.308
187.769 187.308
203.154 187.308
218.538 187.308
233.923 187.308
249.308 187.308
264.692 187.308
280.077 187.308
295.462 187.308
310.846 187.308
326.231 187.308
341.615 187.308
357.000 187.308
372.385 187.308
387.769 187.308
403.154 187.308
418.538 187.308
433.923 187.308
449.308 187.308
64.692 202.692
80.077 202.692
95.462 202.692
110.846 202.692
126.231 202.692
141.615 202.692
157.000 202.692
172.385 202.692
187.769 202.692
203.154 202.692
218.538 202.692
233.923 202.692
249.308 202.692
264.692 202.692
280.077 202.692
295.462 202.692
310.846 202.692
326.231 202.692
341.615 202.692
357.000 202.692
372.385 202.692
387.769 202.692
403.154 202.692
418.538 202.692
433.923 202.692
449.308 202.692
64.692 218.077
80.077 218.077
95.462 218.077
110.846 218.077
126.231 218.077
141.615 218.077
157.000 218.077
172.385 218.077
187.769 218.077
203.154 218.077
218.538 218.077
233.923 218.077
249.308 218.077
264.692 218.077
280.077 218.077
295.462 218.077
310.846 218.077
326.231 218.077
341.615 218.077
357.000 218.077
372.385 218.077
387.769 218.077
403.154 218.077
418.538 218.077
433.923 218.077
449.308 218.077
64.692 233.462
80.077 233.462
95.462 233.462
110.846 233.462
126.231 233.462
141.615 233.462
157.000 233.462
172.385 233.462
187.769 233.462
203.154 233.462
218.538 233.462
233.923 233.462
249.308 233.462
264.692 233.462
280.077 233.462
295.462 233.462
310.846 233.462
326.231 233.462
341.615 233.462
357.000 233.462
372.385 233.462
387.769 233.462
403.154 233.462
418.538 233.462
433.923 233.462
449.308 233.462
64.692 248.846
80.077 248.846
95.462 248.846
110.846 248.846
126.231 248.846
141.615 248.846
157.000 248.846
172.385 248.846
187.769 248.846
203.154 248.846
218.538 248.846
233.923 248.846
249.308 248.846
264.692 248.846
280.077 248.846
295.462 248.846
310.846 248.846
326.231 248.846
341.615 248.846
357.000 248.846
372.385 248.846
387.769 248.846
403.154 248.846
418.538 248.846
433.923 248.846
449.308 248.846
80.077 264.231
95.462 264.231
110.846 264.231
126.231 264.231
141.615 264.231
157.000 264.231
172.385 264.231
187.769 264.231
203.154 264.231
218.538 264.231
233.923 264.231
249.308 264.231
264.692 264.231
280.077 264.231
295.462 264.231
310.846 264.231
326.231 264.231
341.615 264.231
357.000 264.231
372.385 264.231
387.769 264.231
403.154 264.231
418.538 264.231
433.923 264.231
80.077 279.615
95.462 279.615
110.846 279.615
126.231 279.615
141.615 279.615
157.000 279.615
172.385 279.615
187.769 279.615
203.154 279.615
218.538 279.615
233.923 279.615
249.308 279.615
264.692 279.615
280.077 279.615
295.462 279.615
310.846 279.615
326.231 279.615
341.615 279.615
357.000 279.615
372.385 279.615
387.769 279.615
403.154 279.615
418.538 279.615
433.923 279.615
95.462 295.000
110.846 295.000
126.231 295.000
141.615 295.000
157.000 295.000
172.385 295.000
187.769 295.000
203.154 295.000
218.538 295.000
233.923 295.000
249.308 295.000
264.692 295.000
280.077 295.000
295.462 295.000
310.846 295.000
326.231 295.000
341.615 295.000
357.000 295.000
372.385 295.000
387.769 295.000
403.154 295.000
418.538 295.000
95.462 310.385
110.846 310.385
126.231 310.385
141.615 310.385
157.000 310.385
172.385 310.385
187.769 310.385
203.154 310.385
218.538 310.385
233.923 310.385
249.308 310.385
264.692 310.385
280.077 310.385
295.462 310.385
310.846 310.385
326.231 310.385
341.615 310.385
357.000 310.385
372.385 310.385
387.769 310.385
403.154 310.385
418.538 310.385
110.846 325.769
126.231 325.769
141.615 325.769
157.000 325.769
172.385 325.769
187.769 325.769
203.154 325.769
218.538 325.769
233.923 325.769
249.308 325.769
264.692 325.769
280.077 325.769
295.462 325.769
310.846 325.769
326.231 325.769
341.615 325.769
357.000 325.769
372.385 325.769
387.769 325.769
403.154 325.769
126.231 341.154
141.615 341.154
157.000 341.154
172.385 341.154
187.769 341.154
203.154 341.154
218.538 341.154
233.923 341.154
249.308 341.154
264.692 341.154
280.077 341.154
295.462 341.154
310.846 341.154
326.231 341.154
341.615 341.154
357.000 341.154
372.385 341.154
387.769 341.154
141.615 356.538
157.000 356.538
172.385 356.538
187.769 356.538
203.154 356.538
218.538 356.538
233.923 356.538
249.308 356.538
264.692 356.538
280.077 356.538
295.462 356.538
310.846 356.538
326.231 356.538
341.615 356.538
357.000 356.538
372.385 356.538
172.385 371.923
187.769 371.923
203.154 371.923
218.538 371.923
233.923 371.923
249.308 371.923
264.692 371.923
280.077 371.923
295.462 371.923
310.846 371.923
326.231 371.923
341.615 371.923
203.154 387.308
218.538 387.308
233.923 387.308
249.308 387.308
264.692 387.308
280.077 387.308
295.462 387.308
310.846 387.308
