267.312 29.438
282.938 29.438
298.562 29.438
314.188 29.438
329.812 29.438
345.438 29.438
361.062 29.438
376.688 29.438
220.438 45.062
236.062 45.062
251.688 45.062
267.312 45.062
282.938 45.062
298.562 45.062
314.188 45.062
329.812 45.062
345.438 45.062
361.062 45.062
376.688 45.062
392.312 45.062
407.938 45.062
423.562 45.062
204.812 60.688
220.438 60.688
236.062 60.688
251.688 60.688
267.312 60.688
282.938 60.688
298.562 60.688
314.188 60.688
329.812 60.688
345.438 60.688
361.062 60.688
376.688 60.688
392.312 60.688
407.938 60.688
423.562 60.688
439.188 60.688
173.562 76.312
189.188 76.312
204.812 76.312
220.438 76.312
236.062 76.312
251.688 76.312
267.312 76.312
282.938 76.312
298.562 76.312
314.188 76.312
329.812 76.312
345.438 76.312
361.062 76.312
376.688 76.312
392.312 76.312
407.938 76.312
423.562 76.312
439.188 76.312
454.812 76.312
470.438 76.312
157.938 91.938
173.562 91.938
189.188 91.938
204.812 91.938
220.438 91.938
236.062 91.938
251.688 91.938
267.312 91.938
282.938 91.938
298.562 91.938
314.188 91.938
329.812 91.938
345.438 91.938
361.062 91.938
376.688 91.938
392.312 91.938
407.938 91.938
423.562 91.938
439.188 91.938
454.812 91.938
470.438 91.938
486.062 91.938
142.312 107.562
157.938 107.562
173.562 107.562
189.188 107.562
204.812 107.562
220.438 107.562
236.062 107.562
251.688 107.562
267.312 107.562
282.938 107.562
298.562 107.562
314.188 107.562
329.812 107.562
345.438 107.562
361.062 107.562
376.688 107.562
392.312 107.562
407.938 107.562
423.562 107.562
439.188 107.562
454.812 107.562
470.438 107.562
486.062 107.562
501.688 107.562
142.312 123.188
157.938 123.188
173.562 123.188
189.188 123.188
204.812 123.188
220.438 123.188
236.062 123.188
251.688 123.188
267.312 123.188
282.938 123.188
298.562 123.188
314.188 123.188
329.812 123.188
345.438 123.188
361.062 123.188
376.688 123.188
392.312 123.188
407.938 123.188
423.562 123.188
439.188 123.188
454.812 123.188
470.438 123.188
486.062 123.188
501.688 123.188
126.688 138.812
142.312 138.812
157.938 138.812
173.562 138.812
189.188 138.812
204.812 138.812
220.438 138.812
236.062 138.812
251.688 138.812
267.312 138.812
282.938 138.812
298.562 138.812
314.188 138.812
329.812 138.812
345.438 138.812
361.062 138.812
376.688 138.812
392.312 138.812
407.938 138.812
423.562 138.812
439.188 138.812
454.812 138.812
470.438 138.812
486.062 138.812
501.688 138.812
517.312 138.812
111.062 154.438
126.688 154.438
142.312 154.438
157.938 154.438
173.562 154.438
189.188 154.438
204.812 154.438
220.438 154.438
236.062 154.438
251.688 154.438
267.312 154.438
282.938 154.438
298.562 154.438
314.188 154.438
329.812 154.438
345.438 154.438
361.062 154.438
376.688 154.438
392.312 154.438
407.938 154.438
423.562 154.438
439.188 154.438
454.812 154.438
470.438 154.438
486.062 154.438
501.688 154.438
517.312 154.438
532.938 154.438
111.062 170.062
126.688 170.062
142.312 170.062
157.938 170.062
173.562 170.062
189.188 170.062
204.812 170.062
220.438 170.062
236.062 170.062
251.688 170.062
267.312 170.062
282.938 170.062
298.562 170.062
314.188 170.062
329.812 170.062
345.438 170.062
361.062 170.062
376.688 170.062
392.312 170.062
407.938 170.062
423.562 170.062
439.188 170.062
454.812 170.062
470.438 170.062
486.062 170.062
501.688 170.062
517.312 170.062
532.938 170.062
111.062 185.688
126.688 185.688
142.312 185.688
157.938 185.688
173.562 185.688
189.188 185.688
204.812 185.688
220.438 185.688
236.062 185.688
251.688 185.688
267.312 185.688
282.938 185.688
298.562 185.688
314.188 185.688
329.812 185.688
345.438 185.688
361.062 185.688
376.688 185.688
392.312 185.688
407.938 185.688
423.562 185.688
439.188 185.688
454.812 185.688
470.438 185.688
486.062 185.688
501.688 185.688
517.312 185.688
532.938 185.688
95.438 201.312
111.062 201.312
126.688 201.312
142.312 201.312
157.938 201.312
173.562 201.312
189.188 201.312
204.812 201.312
220.438 201.312
236.062 201.312
251.688 201.312
267.312 201.312
282.938 201.312
298.562 201.312
314.188 201.312
329.812 201.312
345.438 201.312
361.062 201.312
376.688 201.312
392.312 201.312
407.938 201.312
423.562 201.312
439.188 201.312
454.812 201.312
470.438 201.312
486.062 201.312
501.688 201.312
517.312 201.312
532.938 201.312
548.562 201.312
95.438 216.938
111.062 216.938
126.688 216.938
142.312 216.938
157.938 216.938
173.562 216.938
189.188 216.938
204.812 216.938
220.438 216.938
236.062 216.938
251.688 216.938
267.312 216.938
282.938 216.938
298.562 216.938
314.188 216.938
329.812 216.938
345.438 216.938
361.062 216.938
376.688 216.938
392.312 216.938
407.938 216.938
423.562 216.938
439.188 216.938
454.812 216.938
470.438 216.938
486.062 216.938
501.688 216.938
517.312 216.938
532.938 216.938
548.562 216.938
95.438 232.562
111.062 232.562
126.688 232.562
142.312 232.562
157.938 232.562
173.562 232.562
189.188 232.562
204.812 232.562
220.438 232.562
236.062 232.562
251.688 232.562
267.312 232.562
282.938 232.562
298.562 232.562
314.188 232.562
329.812 232.562
345.438 232.562
361.062 232.562
376.688 232.562
392.312 232.562
407.938 232.562
423.562 232.562
439.188 232.562
454.812 232.562
470.438 232.562
486.062 232.562
501.688 232.562
517.312 232.562
532.938 232.562
548.562 232.562
95.438 248.188
111.062 248.188
126.688 248.188
142.312 248.188
157.938 248.188
173.562 248.188
189.188 248.188
204.812 248.188
220.438 248.188
236.062 248.188
251.688 248.188
267.312 248.188
282.938 248.188
298.562 248.188
314.188 248.188
329.812 248.188
345.438 248.188
361.062 248.188
376.688 248.188
392.312 248.188
407.938 248.188
423.562 248.188
439.188 248.188
454.812 248.188
470.438 248.188
486.062 248.188
501.688 248.188
517.312 248.188
532.938 248.188
548.562 248.188
95.438 263.812
111.062 263.812
126.688 263.812
142.312 263.812
157.938 263.812
173.562 263.812
189.188 263.812
204.812 263.812
220.438 263.812
236.062 263.812
251.688 263.812
267.312 263.812
282.938 263.812
298.562 263.812
314.188 263.812
329.812 263.812
345.438 263.812
361.062 263.812
376.688 263.812
392.312 263.812
407.938 263.812
423.562 263.812
439.188 263.812
454.812 263.812
470.438 263.812
486.062 263.812
501.688 263.812
517.312 263.812
532.938 263.812
548.562 263.812
95.438 279.438
111.062 279.438
126.688 279.438
142.312 279.438
157.938 279.438
173.562 279.438
189.188 279.438
204.812 279.438
220.438 279.438
236.062 279.438
251.688 279.438
267.312 279.438
282.938 279.438
298.562 279.438
314.188 279.438
329.812 279.438
345.438 279.438
361.062 279.438
376.688 279.438
392.312 279.438
407.938 279.438
423.562 279.438
439.188 279.438
454.812 279.438
470.438 279.438
486.062 279.438
501.688 279.438
517.312 279.438
532.938 279.438
548.562 279.438
95.438 295.062
111.062 295.062
126.688 295.062
142.312 295.062
157.938 295.062
173.562 295.062
189.188 295.062
204.812 295.062
220.438 295.062
236.062 295.062
251.688 295.062
267.312 295.062
282.938 295.062
298.562 295.062
314.188 295.062
329.812 295.062
345.438 295.062
361.062 295.062
376.688 295.062
392.312 295.062
407.938 295.062
423.562 295.062
439.188 295.062
454.812 295.062
470.438 295.062
486.062 295.062
501.688 295.062
517.312 295.062
532.938 295.062
548.562 295.062
95.438 310.688
111.062 310.688
126.688 310.688
142.312 310.688
157.938 310.688
173.562 310.688
189.188 310.688
204.812 310.688
220.438 310.688
236.062 310.688
251.688 310.688
267.312 310.688
282.938 310.688
298.562 310.688
314.188 310.688
329.812 310.688
345.438 310.688
361.062 310.688
376.688 310.688
392.312 310.688
407.938 310.688
423.562 310.688
439.188 310.688
454.812 310.688
470.438 310.688
486.062 310.688
501.688 310.688
517.312 310.688
532.938 310.688
548.562 310.688
111.062 326.312
126.688 326.312
142.312 326.312
157.938 326.312
173.562 326.312
189.188 326.312
204.812 326.312
220.438 326.312
236.062 326.312
251.688 326.312
267.312 326.312
282.938 326.312
298.562 326.312
314.188 326.312
329.812 326.312
345.438 326.312
361.062 326.312
376.688 326.312
392.312 326.312
407.938 326.312
423.562 326.312
439.188 326.312
454.812 326.312
470.438 326.312
486.062 326.312
501.688 326.312
517.312 326.312
532.938 326.312
111.062 341.938
126.688 341.938
142.312 341.938
157.938 341.938
173.562 341.938
189.188 341.938
204.812 341.938
220.438 341.938
236.062 341.938
251.688 341.938
267.312 341.938
282.938 341.938
298.562 341.938
314.188 341.938
329.812 341.938
345.438 341.938
361.062 341.938
376.688 341.938
392.312 341.938
407.938 341.938
423.562 341.938
439.188 341.938
454.812 341.938
470.438 341.938
486.062 341.938
501.688 341.938
517.312 341.938
532.938 341.938
111.062 357.562
126.688 357.562
142.312 357.562
157.938 357.562
173.562 357.562
189.188 357.562
204.812 357.562
220.438 357.562
236.062 357.562
251.688 357.562
267.312 357.562
282.938 357.562
298.562 357.562
314.188 357.562
329.812 357.562
345.438 357.562
361.062 357.562
376.688 357.562
392.312 357.562
407.938 357.562
423.562 357.562
439.188 357.562
454.812 357.562
470.438 357.562
486.062 357.562
501.688 357.562
517.312 357.562
532.938 357.562
126.688 373.188
142.312 373.188
157.938 373.188
173.562 373.188
189.188 373.188
204.812 373.188
220.438 373.188
236.062 373.188
251.688 373.188
267.312 373.188
282.938 373.188
298.562 373.188
314.188 373.188
329.812 373.188
345.438 373.188
361.062 373.188
376.688 373.188
392.312 373.188
407.938 373.188
423.562 373.188
439.188 373.188
454.812 373.188
470.438 373.188
486.062 373.188
501.688 373.188
517.312 373.188
142.312 388.812
157.938 388.812
173.562 388.812
189.188 388.812
204.812 388.812
220.438 388.812
236.062 388.812
251.688 388.812
267.312 388.812
282.938 388.812
298.562 388.812
314.188 388.812
329.812 388.812
345.438 388.812
361.062 388.812
376.688 388.812
392.312 388.812
407.938 388.812
423.562 388.812
439.188 388.812
454.812 388.812
470.438 388.812
486.062 388.812
501.688 388.812
142.312 404.438
157.938 404.438
173.562 404.438
189.188 404.438
204.812 404.438
220.438 404.438
236.062 404.438
251.688 404.438
267.312 404.438
282.938 404.438
298.562 404.438
314.188 404.438
329.812 404.438
345.438 404.438
361.062 404.438
376.688 404.438
392.312 404.438
407.938 404.438
423.562 404.438
439.188 404.438
454.812 404.438
470.438 404.438
486.062 404.438
501.688 404.438
157.938 420.062
173.562 420.062
189.188 420.062
204.812 420.062
220.438 420.062
236.062 420.062
251.688 420.062
267.312 420.062
282.938 420.062
298.562 420.062
314.188 420.062
329.812 420.062
345.438 420.062
361.062 420.062
376.688 420.062
392.312 420.062
407.938 420.062
423.562 420.062
439.188 420.062
454.812 420.062
470.438 420.062
486.062 420.062
173.562 435.688
189.188 435.688
204.812 435.688
220.438 435.688
236.062 435.688
251.688 435.688
267.312 435.688
282.938 435.688
298.562 435.688
314.188 435.688
329.812 435.688
345.438 435.688
361.062 435.688
376.688 435.688
392.312 435.688
407.938 435.688
423.562 435.688
439.188 435.688
454.812 435.688
470.438 435.688
204.812 451.312
220.438 451.312
236.062 451.312
251.688 451.312
267.312 451.312
282.938 451.312
298.562 451.312
314.188 451.312
329.812 451.312
345.438 451.312
361.062 451.312
376.688 451.312
392.312 451.312
407.938 451.312
423.562 451.312
439.188 451.312
220.438 466.938
236.062 466.938
251.688 466.938
267.312 466.938
282.938 466.938
298.562 466.938
314.188 466.938
329.812 466.938
345.438 466.938
361.062 466.938
376.688 466.938
392.312 466.938
407.938 466.938
423.562 466.938
267.312 482.562
282.938 482.562
298.562 482.562
314.188 482.562
329.812 482.562
345.438 482.562
361.062 482.562
376.688 482.562
