143.738 31.939
156.238 31.939
106.238 44.439
118.738 44.439
131.238 44.439
143.738 44.439
156.238 44.439
168.738 44.439
181.238 44.439
193.738 44.439
81.238 56.939
93.738 56.939
106.238 56.939
118.738 56.939
131.238 56.939
143.738 56.939
156.238 56.939
168.738 56.939
181.238 56.939
193.738 56.939
206.238 56.939
218.738 56.939
68.738 69.439
81.238 69.439
93.738 69.439
106.238 69.439
118.738 69.439
131.238 69.439
143.738 69.439
156.238 69.439
168.738 69.439
181.238 69.439
193.738 69.439
206.238 69.439
218.738 69.439
231.238 69.439
56.238 81.939
68.738 81.939
81.238 81.939
93.738 81.939
106.238 81.939
118.738 81.939
131.238 81.939
143.738 81.939
156.238 81.939
168.738 81.939
181.238 81.939
193.738 81.939
206.238 81.939
218.738 81.939
231.238 81.939
243.738 81.939
56.238 94.439
68.738 94.439
81.238 94.439
93.738 94.439
106.238 94.439
118.738 94.439
131.238 94.439
143.738 94.439
156.238 94.439
168.738 94.439
181.238 94.439
193.738 94.439
206.238 94.439
218.738 94.439
231.238 94.439
243.738 94.439
43.738 106.939
56.238 106.939
68.738 106.939
81.238 106.939
93.738 106.939
106.238 106.939
118.738 106.939
131.238 106.939
143.738 106.939
156.238 106.939
168.738 106.939
181.238 106.939
193.738 106.939
206.238 106.939
218.738 106.939
231.238 106.939
243.738 106.939
256.238 106.939
43.738 119.439
56.238 119.439
68.738 119.439
81.238 119.439
93.738 119.439
106.238 119.439
118.738 119.439
131.238 119.439
143.738 119.439
156.238 119.439
168.738 119.439
181.238 119.439
193.738 119.439
206.238 119.439
218.738 119.439
231.238 119.439
243.738 119.439
256.238 119.439
43.738 131.939
56.238 131.939
68.738 131.939
81.238 131.939
93.738 131.939
106.238 131.939
118.738 131.939
131.238 131.939
143.738 131.939
156.238 131.939
168.738 131.939
181.238 131.939
193.738 131.939
206.238 131.939
218.738 131.939
231.238 131.939
243.738 131.939
256.238 131.939
31.238 144.439
43.738 144.439
56.238 144.439
68.738 144.439
81.238 144.439
93.738 144.439
106.238 144.439
118.738 144.439
131.238 144.439
143.738 144.439
156.238 144.439
168.738 144.439
181.238 144.439
193.738 144.439
206.238 144.439
218.738 144.439
231.238 144.439
243.738 144.439
256.238 144.439
268.738 144.439
31.238 156.939
43.738 156.939
56.238 156.939
68.738 156.939
81.238 156.939
93.738 156.939
106.238 156.939
118.738 156.939
131.238 156.939
143.738 156.939
156.238 156.939
168.738 156.939
181.238 156.939
193.738 156.939
206.238 156.939
218.738 156.939
231.238 156.939
243.738 156.939
256.238 156.939
268.738 156.939
43.738 169.439
56.238 169.439
68.738 169.439
81.238 169.439
93.738 169.439
106.238 169.439
118.738 169.439
131.238 169.439
143.738 169.439
156.238 169.439
168.738 169.439
181.238 169.439
193.738 169.439
206.238 169.439
218.738 169.439
231.238 169.439
243.738 169.439
256.238 169.439
43.738 181.939
56.238 181.939
68.738 181.939
81.238 181.939
93.738 181.939
106.238 181.939
118.738 181.939
131.238 181.939
143.738 181.939
156.238 181.939
168.738 181.939
181.238 181.939
193.738 181.939
206.238 181.939
218.738 181.939
231.238 181.939
243.738 181.939
256.238 181.939
43.738 194.439
56.238 194.439
68.738 194.439
81.238 194.439
93.738 194.439
106.238 194.439
118.738 194.439
131.238 194.439
143.738 194.439
156.238 194.439
168.738 194.439
181.238 194.439
193.738 194.439
206.238 194.439
218.738 194.439
231.238 194.439
243.738 194.439
256.238 194.439
56.238 206.939
68.738 206.939
81.238 206.939
93.738 206.939
106.238 206.939
118.738 206.939
131.238 206.939
143.738 206.939
156.238 206.939
168.738 206.939
181.238 206.939
193.738 206.939
206.238 206.939
218.738 206.939
231.238 206.939
243.738 206.939
56.238 219.439
68.738 219.439
81.238 219.439
93.738 219.439
106.238 219.439
118.738 219.439
131.238 219.439
143.738 219.439
156.238 219.439
168.738 219.439
181.238 219.439
193.738 219.439
206.238 219.439
218.738 219.439
231.238 219.439
243.738 219.439
68.738 231.939
81.238 231.939
93.738 231.939
106.238 231.939
118.738 231.939
131.238 231.939
143.738 231.939
156.238 231.939
168.738 231.939
181.238 231.939
193.738 231.939
206.238 231.939
218.738 231.939
231.238 231.939
81.238 244.439
93.738 244.439
106.238 244.439
118.738 244.439
131.238 244.439
143.738 244.439
156.238 244.439
168.738 244.439
181.238 244.439
193.738 244.439
206.238 244.439
218.738 244.439
106.238 256.939
118.738 256.939
131.238 256.939
143.738 256.939
156.238 256.939
168.738 256.939
181.238 256.939
193.738 256.939
143.738 269.439
156.238 269.439
