142.799 31.269
155.299 31.269
105.299 43.769
117.799 43.769
130.299 43.769
142.799 43.769
155.299 43.769
167.799 43.769
180.299 43.769
192.799 43.769
80.299 56.269
92.799 56.269
105.299 56.269
117.799 56.269
130.299 56.269
142.799 56.269
155.299 56.269
167.799 56.269
180.299 56.269
192.799 56.269
205.299 56.269
217.799 56.269
67.799 68.769
80.299 68.769
92.799 68.769
105.299 68.769
117.799 68.769
130.299 68.769
142.799 68.769
155.299 68.769
167.799 68.769
180.299 68.769
192.799 68.769
205.299 68.769
217.799 68.769
230.299 68.769
55.299 81.269
67.799 81.269
80.299 81.269
92.799 81.269
105.299 81.269
117.799 81.269
130.299 81.269
142.799 81.269
155.299 81.269
167.799 81.269
180.299 81.269
192.799 81.269
205.299 81.269
217.799 81.269
230.299 81.269
242.799 81.269
55.299 93.769
67.799 93.769
80.299 93.769
92.799 93.769
105.299 93.769
117.799 93.769
130.299 93.769
142.799 93.769
155.299 93.769
167.799 93.769
180.299 93.769
192.799 93.769
205.299 93.769
217.799 93.769
230.299 93.769
242.799 93.769
42.799 106.269
55.299 106.269
67.799 106.269
80.299 106.269
92.799 106.269
105.299 106.269
117.799 106.269
130.299 106.269
142.799 106.269
155.299 106.269
167.799 106.269
180.299 106.269
192.799 106.269
205.299 106.269
217.799 106.269
230.299 106.269
242.799 106.269
255.299 106.269
42.799 118.769
55.299 118.769
67.799 118.769
80.299 118.769
92.799 118.769
105.299 118.769
117.799 118.769
130.299 118.769
142.799 118.769
155.299 118.769
167.799 118.769
180.299 118.769
192.799 118.769
205.299 118.769
217.799 118.769
230.299 118.769
242.799 118.769
255.299 118.769
42.799 131.269
55.299 131.269
67.799 131.269
80.299 131.269
92.799 131.269
105.299 131.269
117.799 131.269
130.299 131.269
142.799 131.269
155.299 131.269
167.799 131.269
180.299 131.269
192.799 131.269
205.299 131.269
217.799 131.269
230.299 131.269
242.799 131.269
255.299 131.269
30.299 143.769
42.799 143.769
55.299 143.769
67.799 143.769
80.299 143.769
92.799 143.769
105.299 143.769
117.799 143.769
130.299 143.769
142.799 143.769
155.299 143.769
167.799 143.769
180.299 143.769
192.799 143.769
205.299 143.769
217.799 143.769
230.299 143.769
242.799 143.769
255.299 143.769
267.799 143.769
30.299 156.269
42.799 156.269
55.299 156.269
67.799 156.269
80.299 156.269
92.799 156.269
105.299 156.269
117.799 156.269
130.299 156.269
142.799 156.269
155.299 156.269
167.799 156.269
180.299 156.269
192.799 156.269
205.299 156.269
217.799 156.269
230.299 156.269
242.799 156.269
255.299 156.269
267.799 156.269
42.799 168.769
55.299 168.769
67.799 168.769
80.299 168.769
92.799 168.769
105.299 168.769
117.799 168.769
130.299 168.769
142.799 168.769
155.299 168.769
167.799 168.769
180.299 168.769
192.799 168.769
205.299 168.769
217.799 168.769
230.299 168.769
242.799 168.769
255.299 168.769
42.799 181.269
55.299 181.269
67.799 181.269
80.299 181.269
92.799 181.269
105.299 181.269
117.799 181.269
130.299 181.269
142.799 181.269
155.299 181.269
167.799 181.269
180.299 181.269
192.799 181.269
205.299 181.269
217.799 181.269
230.299 181.269
242.799 181.269
255.299 181.269
42.799 193.769
55.299 193.769
67.799 193.769
80.299 193.769
92.799 193.769
105.299 193.769
117.799 193.769
130.299 193.769
142.799 193.769
155.299 193.769
167.799 193.769
180.299 193.769
192.799 193.769
205.299 193.769
217.799 193.769
230.299 193.769
242.799 193.769
255.299 193.769
55.299 206.269
67.799 206.269
80.299 206.269
92.799 206.269
105.299 206.269
117.799 206.269
130.299 206.269
142.799 206.269
155.299 206.269
167.799 206.269
180.299 206.269
192.799 206.269
205.299 206.269
217.799 206.269
230.299 206.269
242.799 206.269
55.299 218.769
67.799 218.769
80.299 218.769
92.799 218.769
105.299 218.769
117.799 218.769
130.299 218.769
142.799 218.769
155.299 218.769
167.799 218.769
180.299 218.769
192.799 218.769
205.299 218.769
217.799 218.769
230.299 218.769
242.799 218.769
67.799 231.269
80.299 231.269
92.799 231.269
105.299 231.269
117.799 231.269
130.299 231.269
142.799 231.269
155.299 231.269
167.799 231.269
180.299 231.269
192.799 231.269
205.299 231.269
217.799 231.269
230.299 231.269
80.299 243.769
92.799 243.769
105.299 243.769
117.799 243.769
130.299 243.769
142.799 243.769
155.299 243.769
167.799 243.769
180.299 243.769
192.799 243.769
205.299 243.769
217.799 243.769
105.299 256.269
117.799 256.269
130.299 256.269
142.799 256.269
155.299 256.269
167.799 256.269
180.299 256.269
192.799 256.269
142.799 268.769
155.299 268.769
