143.954 31.841
156.454 31.841
106.454 44.341
118.954 44.341
131.454 44.341
143.954 44.341
156.454 44.341
168.954 44.341
181.454 44.341
193.954 44.341
81.454 56.841
93.954 56.841
106.454 56.841
118.954 56.841
131.454 56.841
143.954 56.841
156.454 56.841
168.954 56.841
181.454 56.841
193.954 56.841
206.454 56.841
218.954 56.841
68.954 69.341
81.454 69.341
93.954 69.341
106.454 69.341
118.954 69.341
131.454 69.341
143.954 69.341
156.454 69.341
168.954 69.341
181.454 69.341
193.954 69.341
206.454 69.341
218.954 69.341
231.454 69.341
56.454 81.841
68.954 81.841
81.454 81.841
93.954 81.841
106.454 81.841
118.954 81.841
131.454 81.841
143.954 81.841
156.454 81.841
168.954 81.841
181.454 81.841
193.954 81.841
206.454 81.841
218.954 81.841
231.454 81.841
243.954 81.841
56.454 94.341
68.954 94.341
81.454 94.341
93.954 94.341
106.454 94.341
118.954 94.341
131.454 94.341
143.954 94.341
156.454 94.341
168.954 94.341
181.454 94.341
193.954 94.341
206.454 94.341
218.954 94.341
231.454 94.341
243.954 94.341
43.954 106.841
56.454 106.841
68.954 106.841
81.454 106.841
93.954 106.841
106.454 106.841
118.954 106.841
131.454 106.841
143.954 106.841
156.454 106.841
168.954 106.841
181.454 106.841
193.954 106.841
206.454 106.841
218.954 106.841
231.454 106.841
243.954 106.841
256.454 106.841
43.954 119.341
56.454 119.341
68.954 119.341
81.454 119.341
93.954 119.341
106.454 119.341
118.954 119.341
131.454 119.341
143.954 119.341
156.454 119.341
168.954 119.341
181.454 119.341
193.954 119.341
206.454 119.341
218.954 119.341
231.454 119.341
243.954 119.341
256.454 119.341
43.954 131.841
56.454 131.841
68.954 131.841
81.454 131.841
93.954 131.841
106.454 131.841
118.954 131.841
131.454 131.841
143.954 131.841
156.454 131.841
168.954 131.841
181.454 131.841
193.954 131.841
206.454 131.841
218.954 131.841
231.454 131.841
243.954 131.841
256.454 131.841
31.454 144.341
43.954 144.341
56.454 144.341
68.954 144.341
81.454 144.341
93.954 144.341
106.454 144.341
118.954 144.341
131.454 144.341
143.954 144.341
156.454 144.341
168.954 144.341
181.454 144.341
193.954 144.341
206.454 144.341
218.954 144.341
231.454 144.341
243.954 144.341
256.454 144.341
268.954 144.341
31.454 156.841
43.954 156.841
56.454 156.841
68.954 156.841
81.454 156.841
93.954 156.841
106.454 156.841
118.954 156.841
131.454 156.841
143.954 156.841
156.454 156.841
168.954 156.841
181.454 156.841
193.954 156.841
206.454 156.841
218.954 156.841
231.454 156.841
243.954 156.841
256.454 156.841
268.954 156.841
43.954 169.341
56.454 169.341
68.954 169.341
81.454 169.341
93.954 169.341
106.454 169.341
118.954 169.341
131.454 169.341
143.954 169.341
156.454 169.341
168.954 169.341
181.454 169.341
193.954 169.341
206.454 169.341
218.954 169.341
231.454 169.341
243.954 169.341
256.454 169.341
43.954 181.841
56.454 181.841
68.954 181.841
81.454 181.841
93.954 181.841
106.454 181.841
118.954 181.841
131.454 181.841
143.954 181.841
156.454 181.841
168.954 181.841
181.454 181.841
193.954 181.841
206.454 181.841
218.954 181.841
231.454 181.841
243.954 181.841
256.454 181.841
43.954 194.341
56.454 194.341
68.954 194.341
81.454 194.341
93.954 194.341
106.454 194.341
118.954 194.341
131.454 194.341
143.954 194.341
156.454 194.341
168.954 194.341
181.454 194.341
193.954 194.341
206.454 194.341
218.954 194.341
231.454 194.341
243.954 194.341
256.454 194.341
56.454 206.841
68.954 206.841
81.454 206.841
93.954 206.841
106.454 206.841
118.954 206.841
131.454 206.841
143.954 206.841
156.454 206.841
168.954 206.841
181.454 206.841
193.954 206.841
206.454 206.841
218.954 206.841
231.454 206.841
243.954 206.841
56.454 219.341
68.954 219.341
81.454 219.341
93.954 219.341
106.454 219.341
118.954 219.341
131.454 219.341
143.954 219.341
156.454 219.341
168.954 219.341
181.454 219.341
193.954 219.341
206.454 219.341
218.954 219.341
231.454 219.341
243.954 219.341
68.954 231.841
81.454 231.841
93.954 231.841
106.454 231.841
118.954 231.841
131.454 231.841
143.954 231.841
156.454 231.841
168.954 231.841
181.454 231.841
193.954 231.841
206.454 231.841
218.954 231.841
231.454 231.841
81.454 244.341
93.954 244.341
106.454 244.341
118.954 244.341
131.454 244.341
143.954 244.341
156.454 244.341
168.954 244.341
181.454 244.341
193.954 244.341
206.454 244.341
218.954 244.341
106.454 256.841
118.954 256.841
131.454 256.841
143.954 256.841
156.454 256.841
168.954 256.841
181.454 256.841
193.954 256.841
143.954 269.341
156.454 269.341
